黄祖健 103363330104004 085405 软件工程 68 75 118 127 388 全日制
王智杰 103363330103946 085405 软件工程 67 63 132 111 373 全日制
卢俊超 103363330104334 085405 软件工程 68 65 117 109 359 全日制
刘星 103363322202083 085405 软件工程 71 67 110 108 356 全日制
张庭瑞 103363413510332 085405 软件工程 70 74 108 104 356 全日制
李鼎睿 103363330104161 085405 软件工程 76 64 102 112 354 全日制
郑楷祺 103363330104093 085405 软件工程 63 65 117 105 350 全日制
关善翔 103363330104110 085405 软件工程 69 72 108 101 350 全日制
高政博 103363411910044 085405 软件工程 66 64 108 111 349 全日制
杨若凡 103363370209158 085405 软件工程 63 58 113 112 346 全日制
严世开 103363124700192 085405 软件工程 68 53 126 98 345 全日制
俞飞鸿 103363330104235 085405 软件工程 63 64 120 98 345 全日制
邹龙强 103363414710452 085405 软件工程 61 53 115 115 344 全日制
赵欣 103363516812136 085405 软件工程 62 66 118 98 344 全日制
林计坤 103363321701962 085405 软件工程 60 71 116 96 343 全日制
顾佳楠 103363321101679 085405 软件工程 64 62 113 100 339 全日制
蔡凯威 103363460211749 085405 软件工程 60 49 108 122 339 全日制
岳园钊 103363621112522 085405 软件工程 63 73 95 104 335 全日制
张志豪 103363330104245 085405 软件工程 71 57 90 115 333 全日制
涂明杰 103363330104217 085405 软件工程 58 62 99 113 332 全日制
安俊陶 103363215101148 085405 软件工程 66 70 102 91 329 全日制
叶艇 103363330104089 085405 软件工程 61 55 113 100 329 全日制
谢中校 103363330104436 085405 软件工程 63 60 93 113 329 全日制
李建城 103363212001070 085405 软件工程 64 67 106 91 328 全日制
于莉 103363322002022 085405 软件工程 69 63 107 89 328 全日制
祝平 103363330104602 085405 软件工程 63 69 101 92 325 全日制
诸国栋 103363330406283 085405 软件工程 65 52 88 120 325 全日制
吴文俊 103363123600129 085405 软件工程 57 60 109 98 324 全日制
沈寅 103363330205748 085405 软件工程 68 48 114 92 322 全日制
陈奕翰 103363330306068 085405 软件工程 64 56 90 110 320 全日制
张梦玥 103363370109070 085405 软件工程 51 67 112 90 320 全日制
曾子健 103363330104179 085405 软件工程 65 59 99 96 319 全日制
丁佳龙 103363330606629 085405 软件工程 55 58 109 95 317 全日制
陈贵君 103363211301028 085405 软件工程 61 46 116 93 316 全日制
赵民生 103363371309466 085405 软件工程 63 69 91 92 315 全日制
陈禹东 103363330104317 085405 软件工程 69 63 95 87 314 全日制
王润川 103363360208617 085405 软件工程 58 60 98 98 314 全日制
范龙威 103363330104133 085405 软件工程 65 62 83 101 311 全日制
许郭 103363341107711 085405 软件工程 70 65 91 84 310 全日制
胡与秀 103363330104784 085405 软件工程 60 63 98 85 306 全日制
张昊轩 103363422610846 085405 软件工程 66 69 67 104 306 全日制
周洸泽 103363330104561 085405 软件工程 60 56 107 81 304 全日制
毛江宇 103363331007103 085405 软件工程 71 51 86 96 304 全日制
汪宇扬 103363330104600 085405 软件工程 70 57 68 107 302 全日制
陈家豪 103363425111036 085405 软件工程 57 58 94 93 302 全日制
周斐炜 103363321101678 085405 软件工程 68 45 88 100 301 全日制
郑杭杰 103363360108510 085405 软件工程 61 42 96 102 301 全日制
逯鹏 103363414810492 085405 软件工程 64 40 101 96 301 全日制
宁培凯 103363431611214 085405 软件工程 59 69 74 99 301 全日制
高文博 103363330104737 085405 软件工程 69 49 79 102 299 全日制
鲁锴 103363330606623 085405 软件工程 74 64 73 88 299 全日制
徐敏 103363340707609 085405 软件工程 60 48 95 96 299 全日制
张凌 103363322102048 085405 软件工程 69 71 69 89 298 全日制
陈雨航 103363330104155 085405 软件工程 59 72 72 95 298 全日制
杨明剑 103363370909406 085405 软件工程 63 49 81 104 297 全日制
石轩名 103363133100382 085405 软件工程 63 44 90 99 296 全日制
鲍成毅 103363321101651 085405 软件工程 62 40 107 87 296 全日制
李安俊 103363330306088 085405 软件工程 61 58 84 93 296 全日制
王鑫雨 103363131100300 085405 软件工程 59 48 105 83 295 全日制
王磊 103363150100877 085405 软件工程 60 63 109 63 295 全日制
徐梦瑶 103363322302119 085405 软件工程 68 57 77 93 295 全日制
范雯琪 103363210500971 085405 软件工程 68 62 83 81 294 全日制
丁士航 103363410509698 085405 软件工程 69 73 75 77 294 全日制
姚婉佳 103363311501502 085405 软件工程 61 59 70 103 293 全日制
孔馨旎 103363330104040 085405 软件工程 68 42 92 91 293 全日制
陈曙光 103363330406301 085405 软件工程 69 54 101 69 293 全日制
戴才竣 103363440611494 085405 软件工程 66 62 62 103 293 全日制
朱巍 103363321101661 085405 软件工程 70 58 97 67 292 全日制
李诚 103363330103995 085405 软件工程 59 68 63 102 292 全日制
黄思佳 103363350208213 085405 软件工程 68 63 74 87 292 全日制
周瑞 103363423210896 085405 软件工程 65 54 96 77 292 全日制
金其涵 103363330103958 085405 软件工程 73 57 65 96 291 全日制
陈贇波 103363330205683 085405 软件工程 62 39 101 89 291 全日制
罗永康 103363361208915 085405 软件工程 73 66 67 85 291 全日制
袁文强 103363330205756 085405 软件工程 69 53 81 87 290 全日制